4 213 242 293 257
5 33 271 12 256 151
5 259 156 141 272 208
4 265 126 206 2
6 180 75 68 59 94 274
3 112 135 132
4 282 288 49 130
5 296 10 196 1 247
5 185 181 152 233 165
7 0 285 114 106 154 153 175
6 95 243 101 43 143 149
7 111 119 205 155 123 77 183
7 216 121 201 223 71 240 173
6 212 96 98 228 178 169
7 127 11 219 104 97 189 211
5 258 16 67 69 84
7 13 290 48 289 297 37 9
7 161 63 244 25 142 262 278
7 54 85 170 131 292 215 52
6 80 260 89 83 266 47
5 214 140 35 252 194
6 284 73 42 138 78 30
7 249 224 50 70 287 145 279
10 116 15 245 204 207 190 283 250 176 229
7 226 295 177 81 5 192 251
7 203 21 27 160 124 120 270
9 294 107 146 197 237 139 31 182 186
9 148 273 39 241 209 20 55 231 46
9 276 19 281 14 236 269 6 248 100
8 103 74 217 298 235 238 51 280
7 162 125 174 82 163 264 17
11 92 150 113 102 202 158 61 76 255 115 66
6 62 105 277 239 23 45
10 133 218 32 40 157 195 147 93 118 199
7 159 60 79 188 28 90 291
8 65 144 18 91 128 254 109 22
6 36 136 198 232 29 3
4 227 200 26 191
5 87 171 57 230 117
5 164 58 261 129 253
4 167 137 44 268
7 221 108 72 210 225 64 86
6 179 88 220 187 172 122
5 41 246 38 166 222
5 184 8 193 56 53
4 234 110 4 267
3 275 7 263
2 168 134
2 34 286
2 99 299
1 24
0
0
0
0
0
0
0
0
0
0
0
0
0
0
0
0
0
0
0
0
0
0
0
0
0
0
0
0
0
0
0
0
0
0
0
0
0
0
0
0
0
0
0
0
0
0
0
0
0
