2 7468 7458
1 2591
2 8227 8000
2 7227 9999
1 4796
2 9504 1880
1 7948
2 2418 4818
1 7206
1 3202
1 2736
1 2573
2 9927 3246
1 4887
1 5982
2 8890 6517
1 1855
2 9459 9569
1 7110
1 8563
1 3560
2 7716 7376
1 2660
2 2176 6600
1 1817
1 9287
2 9121 6753
2 8670 8994
1 4027
1 1135
2 5991 6610
1 7433
2 2384 2939
2 2581 5071
2 7325 2669
1 6527
1 4471
1 5903
2 8967 7600
2 3647 3028
2 5480 4476
1 1000
1 5091
1 1339
1 7581
1 3539
2 203 7632
1 6544
1 476
2 7013 5067
1 978
2 3321 5891
1 2528
2 306 3507
1 6686
2 2718 4325
1 2887
1 2053
2 3654 4941
2 8088 9921
2 6321 9049
1 1159
3 5983 4390 4987
1 8824
1 492
2 8773 820
2 8071 1015
2 3358 8433
1 5226
2 8306 7239
1 1399
2 1192 2445
1 2758
1 6190
1 5441
2 7575 9451
1 4557
1 8596
2 7804 7678
1 9954
2 6377 7813
2 1376 2502
1 9377
1 8730
1 4469
1 4793
1 8727
1 773
1 8303
1 4646
1 1344
2 9483 6441
2 8965 7025
2 3760 8345
2 4411 9359
1 3936
2 4011 8722
1 9824
1 180
2 7270 9723
2 6039 1555
1 2212
2 3608 3491
2 1067 3111
1 9868
2 4829 2346
2 8192 7519
2 9925 3341
1 5968
2 3708 1626
2 563 2430
2 7444 5059
2 3578 5478
2 8968 4181
2 6252 7061
1 7909
2 7613 9489
1 3207
2 364 8895
1 8253
2 719 9803
3 1178 1844 5084
1 7773
2 2288 7713
3 4679 3696 6644
1 5886
2 1381 1022
2 6879 5513
2 9252 8364
1 4483
2 9550 9520
2 9763 2951
2 4070 2007
2 4138 8139
2 9044 2709
1 9515
2 3381 1114
1 5578
2 872 229
2 7122 6665
1 9251
2 8184 7621
4 5137 1778 389 6170
2 7464 1545
1 9360
3 8578 3709 6521
2 4528 8330
1 8402
1 3827
2 2297 7147
2 1563 3388
2 4420 3755
3 5553 4052 5646
2 7355 7760
1 7362
2 1208 7809
2 3614 4778
2 1319 6960
2 7284 641
2 4006 807
3 5649 23 3791
1 368
1 6591
1 6090
2 6912 4417
2 6031 9530
2 6515 4022
2 8605 5296
2 5444 437
2 5371 7482
2 7109 4301
2 9186 2308
2 6463 1713
2 7990 4700
3 9256 873 7522
2 6403 7972
2 666 3824
2 9349 5969
3 311 4736 8753
2 1803 9693
2 1023 3638
2 2412 1190
2 8711 7015
2 7347 3861
1 4329
2 499 2866
3 5332 8788 5616
2 1146 6018
3 9346 1706 9184
2 3147 6834
2 1027 9642
2 1105 835
2 3291 3870
1 2486
2 4520 766
2 3225 9601
3 7075 4361 1562
2 9418 8119
2 7684 1131
2 1246 6226
1 4868
2 7506 2463
2 4467 8553
2 5780 1356
2 310 1140
1 4588
3 7453 8397 7304
2 4838 3324
1 1973
2 3362 3088
2 7913 2620
1 1998
2 9249 6143
2 7108 923
3 1922 2593 7904
2 1874 8047
3 2015 1061 3749
3 3230 9750 1478
2 943 4580
2 6583 8430
3 7779 9048 7182
3 9019 3298 9967
2 4717 240
1 4949
2 6238 5471
1 5979
2 8719 1284
1 1018
1 218
1 1956
2 4644 9914
2 8571 5883
2 7346 9910
1 2448
1 1546
2 1529 5254
2 4317 1682
2 2177 5825
2 9740 3286
2 2541 7343
2 1785 8070
2 7936 5975
2 3729 3367
1 7655
1 3086
1 5573
1 5985
1 4604
1 8422
1 2265
3 8758 2099 6063
3 8111 1427 9099
2 7862 4321
3 9913 4048 89
3 1002 174 5334
2 2751 3288
2 3193 7432
2 9449 3705
2 233 0
2 8878 5742
3 6745 5281 9600
3 1143 3252 3536
2 5562 5950
2 6744 4191
4 4352 4065 262 1962
5 9864 7383 8982 2693 7751
4 1206 9579 613 5821
4 4948 1695 3694 7767
4 2717 3272 1736 6995
4 7379 5919 9509 1439
4 1194 384 3312 4177
3 8599 2812 995
4 4836 5914 594 4492
5 768 1037 1821 1751 8654
5 8546 9372 1442 3809 6467
4 908 3767 6499 5618
5 211 3161 6207 6911 7290
4 1269 2944 5813 2851
5 7196 4523 4559 1118 1374
5 5245 2359 8929 8606 5524
5 2981 3751 9519 4337 5775
5 4450 9436 8245 4419 6520
4 4629 798 6988 6365
4 1776 1670 8340 5597
5 7891 7113 9732 605 3184
4 5679 3145 1411 5147
4 6319 486 5325 2337
4 9985 3389 454 251
5 8290 408 7483 9840 7844
5 6208 6129 8815 6509 3478
4 1433 8679 264 3887
5 549 5307 7835 879 8900
4 39 1421 2191 2411
5 5721 2171 3508 2237 8278
6 6913 379 4810 576 1586 3633
5 3739 1459 388 6914 1652
6 8792 3986 3774 9258 5705 8893
5 8102 6548 1789 9663 1035
5 6076 9920 789 7218 3504
4 8373 8793 2582 3890
5 6647 6855 8886 2481 3903
5 6150 9109 894 4465 2269
5 2112 8200 9021 31 7997
4 3163 3635 4500 7771
5 3693 2710 2343 5589 1642
5 5295 137 6801 5141 8048
6 1040 5317 584 1763 7068 5348
5 3334 7534 2678 3926 6060
6 3557 2977 9528 9986 7152 5784
4 5498 1016 8946 4005
5 3580 5382 6382 3964 2615
5 1676 8632 8975 9301 6348
4 9289 7662 3516 5828
5 8028 636 7153 7854 7753
5 854 249 350 4438 8762
5 7609 693 8661 8809 8490
4 6200 9754 9541 3337
4 8326 5909 2654 8913
5 6222 9636 4084 5533 5669
5 4435 6825 7940 1021 6477
5 2777 6692 6397 2747 4811
5 8950 6904 7280 4275 8666
5 5437 2649 1610 3178 8080
6 6293 6762 7528 1959 8780 6514
6 9744 688 8244 3008 9076 7899
7 6541 742 3027 4373 4763 2298 8907
5 7097 4058 5255 2825 6518
6 7373 7119 3650 2619 4412 3620
7 4255 6197 1286 9848 2125 8581 2926
7 3030 799 5858 4100 940 3265 1619
5 6607 6910 8348 8031 1426
6 7088 8073 5134 7599 6845 6889
7 6547 9702 5954 3135 3515 9609 8319
6 4214 3833 9462 9686 1289 1088
6 1560 5140 3552 6015 9253 2609
5 3325 4405 6581 4774 3733
4 4068 2476 3315 4936
5 4709 318 5851 7056 3850
6 8996 7929 1316 600 5344 8251
5 9735 4830 6072 4950 4127
5 9563 4744 25 3742 5561
6 9463 9229 905 1893 129 1385
4 5377 8173 8958 4320
6 5711 457 7680 7815 5811 1107
5 6333 5169 6320 5604 8276
6 9613 7778 4470 3297 6614 1285
6 7957 3778 9804 9055 8999 7146
5 4249 4493 884 6114 6124
5 8038 6298 767 3330 2172
7 6735 1422 5557 5343 6622 712 3020
5 9817 8189 7635 8568 9865
5 3530 8830 9403 7703 1216
7 6430 8035 5864 5997 581 8718 7371
4 6484 4727 3091 948
7 2166 6740 4636 7971 7275 5910 4530
5 9737 5593 1666 258 6127
7 7314 881 81 2510 8356 5776 3517
6 3430 4802 589 5197 1882 8934
6 9090 7561 7501 5168 9585 5842
5 6480 4135 71 9862 7784
6 3311 1513 5802 684 4573 2983
4 2954 3061 5000 4823
7 474 9897 867 6560 7947 5570 8230
6 8520 4698 819 8240 2677 1293
6 2074 4043 5639 5164 3702 7937
6 9138 864 8297 9231 4925 6080
5 313 643 9385 9966 6322
6 3104 2760 3689 440 6158 5501
6 2147 852 6245 2896 3957 5404
8 3257 9503 415 3433 9880 7658 609 1009
5 8204 9072 97 5621 8726
5 5658 5734 6894 8473 7601
7 5717 3566 1842 5556 8935 4898 980
5 3758 4939 8077 8394 9533
6 4475 8099 1416 8845 5072 4908
9 1978 3055 3655 6850 2882 9748 3320 18 432
6 7952 9845 2805 7330 7050 1087
6 4913 7176 5635 3810 362 8948
5 1186 6540 2759 4015 1808
6 6724 7650 3438 5732 9257 446
8 6327 6965 6597 9548 7367 7930 5138 5672
6 9011 494 7679 8819 6564 7059
5 3669 622 7711 7127 8215
4 935 687 6217 6
7 6645 4772 624 5479 1533 1936 438
4 7150 7924 7511 2300
4 320 723 1481 4241
5 1113 230 6362 1400 2876
5 1721 6387 5350 1108 7410
5 1970 1177 9687 1229 4122
6 8239 5124 7037 8881 9760 8949
6 7438 3685 332 9245 1849 3277
4 7988 3278 9471 1615
5 6399 9658 9621 6495 2998
5 7535 9474 8254 952 9608
6 2556 680 813 8906 4572 831
5 5426 4819 8357 5346 7368
6 6340 5764 3828 776 2454 1699
7 2480 1685 3439 5171 6256 6616 9956
5 5064 5391 6259 4172 5272
