2 3663 2634
3 4780 5221 5002
6 4032 2174 347 2796 8770 2925
6 3171 2882 8729 8941 5418 6575
4 2484 3173 8887 7207
6 3417 2280 8135 1181 9841 1154
4 8833 1875 7899 6091
7 6975 7009 2216 7804 5216 4594 5178
7 1215 5016 5536 2444 7568 624 6906
6 4757 1743 7563 4490 7533 7364
7 8189 2729 4105 7521 6932 1397 4331
7 123 1910 6619 5685 5513 6513 7368
6 5360 3853 5232 8218 5280 9914
8 3430 9823 1216 3358 7553 5275 8816 2907
8 3508 4410 5631 8626 516 5029 9018 2107
6 8476 7495 3397 7100 6246 7264
10 8027 4694 9525 1073 7956 464 5276 2902 2810 3082
10 2182 6754 4819 1902 9377 4075 3045 8110 4037 3399
10 6190 288 947 9214 8380 5676 8485 1714 8682 7234
11 8346 281 7065 7310 1624 1078 8302 2953 547 8932 9403
8 6338 1598 2702 3029 5715 9642 6784 6405
8 5292 213 568 7425 9225 6141 7362 7820
9 2382 5956 2975 1019 9813 1877 8100 6159 3808
8 2260 7682 3891 5651 8763 6506 5054 4058
11 2930 3320 9043 8497 8720 5250 9849 5629 7854 8879 1289
12 636 832 4258 1046 4572 2025 315 3909 2776 7322 8096 7010
11 9200 4083 8330 1032 9877 7069 6555 8308 5386 5285 7417
11 2891 2546 7924 8982 1058 351 5359 6751 6008 5361 7796
11 2139 4533 1797 1661 1887 5827 7064 1357 121 2523 9918
14 8339 5201 473 8222 8426 8901 4453 3178 3624 9715 6490 8409 4881 5453
15 4309 5867 4145 5412 1402 6510 6670 9796 9333 4908 3946 282 6673 7917 7414
11 3452 8948 4647 6948 9381 9551 8809 6080 7938 9643 5284
12 188 3242 9548 92 2309 6066 1978 3655 1454 7094 6542 3810
11 8500 6912 6872 5198 1845 1479 9582 4222 3157 5618 7319
12 7359 8526 4341 569 5533 6433 4806 6290 8845 6435 3436 9346
13 3412 5171 5911 9309 9704 8752 4932 8962 1718 7223 4940 2623 2786
13 4474 4976 653 743 1003 650 8900 4663 942 4820 4866 9748 2895
11 220 2135 8642 7072 608 4173 692 8542 1629 9452 98
9 8584 2337 5411 2742 6774 7490 4297 224 9837
12 6211 466 7046 5568 3034 797 4013 699 9633 5678 6271 6441
13 477 1442 9708 8791 8532 6646 5346 3928 9597 6957 8363 1428 1648
14 1756 5436 5896 420 67 2022 6526 9026 8772 9950 4695 4437 3057 3227
14 2874 4123 43 6409 1223 8534 2453 9550 3002 7687 617 852 2217 8392
15 6556 238 6277 9327 5854 9673 756 3790 9108 6662 8965 4287 2067 2719 7021
15 3671 555 7790 356 3300 974 8707 4859 6858 737 7600 235 3906 2668 4585
14 4182 6600 9229 9898 3234 6210 4669 1702 8456 9335 8084 9991 9847 5644
17 207 3060 6756 7650 610 4602 4776 4094 9519 9331 1841 6907 6916 6325 8225 5987 592
13 3782 2524 2394 7056 9736 8095 3600 5902 9028 2883 8402 1533 7492
16 5262 9940 4307 791 4943 1352 7591 8684 3089 8622 4608 9193 7788 2850 7194 647
16 8980 9462 5496 5578 9222 1413 4815 3253 8643 9972 6019 5936 1697 4956 9786 2507
15 1415 6765 565 9919 1103 1341 6438 8269 7095 9965 469 41 3800 2467 8799
18 8653 1595 1822 9545 9300 3464 5531 3102 66 5816 7168 2449 8672 6761 2329 9423 2296 3818
16 3153 4632 5478 5058 4782 9311 3723 2292 6443 8735 9318 1859 6305 4516 3769 4131
17 551 1961 2195 1098 8728 4079 6552 1261 6471 8336 211 622 4537 2824 8574 2942 9697
17 2417 6578 598 8418 5304 7237 1050 6611 244 3509 104 1478 8075 6415 730 3059 4775
18 7324 2916 4487 8462 6697 954 5072 7271 9595 272 9656 1061 7659 661 7517 6157 9109 6371
16 1788 1577 6152 8798 9482 4564 1102 9411 604 381 6691 5099 1396 6573 3279 694
14 2096 689 6976 799 6048 1231 2290 1613 2366 818 9579 3530 8805 6148
17 173 7607 6295 5045 7105 8859 4414 9830 8148 6039 3861 3988 8749 1705 4762 6279 8307
18 9891 1575 4355 883 901 6606 8877 3609 3662 5426 8996 4439 3572 8032 9572 287 6447 5392
17 736 7621 1917 7835 4520 5379 7701 9103 649 1977 3750 2579 25 3712 1327 6806 5674
18 167 8178 243 7117 9267 5282 1249 7750 8804 5627 4305 4208 7440 3070 321 2498 9161 7774
15 6032 7910 6866 3246 9729 4340 6768 148 9269 9004 442 5196 6377 5928 7885
18 701 811 1996 2355 6460 8878 2300 7626 5750 8113 6108 3154 9374 4270 8918 8744 1596 2894
15 4759 1700 1639 5964 4383 1853 4226 5479 4752 4133 9819 7923 9071 6625 85
19 9992 4442 1250 9467 9760 3127 2893 5259 4074 4118 5463 3263 5754 7734 3948 5813 5257 5470 2288
20 6796 7331 5116 5084 1724 2373 1166 8558 2549 9 3004 17 1101 748 948 7895 20 5021 7153 3580
20 8440 2442 1779 7976 7891 793 5488 3686 7007 3512 6249 1625 4968 8243 8803 8955 2737 2099 8180 6207
20 6603 9219 2323 4732 8666 6378 8007 7676 9659 6760 5111 725 9514 7019 8081 9353 8782 4643 8387 1177
20 4974 6488 6123 5053 9818 7450 8482 198 7363 64 3000 8054 3749 7998 814 6534 889 9723 2349 6491
20 9561 6657 2021 1747 3416 2342 3152 9389 8908 5778 7964 9102 3597 6899 6577 47 9152 6865 5988 4964
19 7708 7883 8624 4243 7032 3507 6719 8140 4653 6923 5468 7140 3727 5812 79 8810 6947 578 3024
19 8450 1359 4944 7597 8573 916 6213 6998 758 4027 5399 9711 1006 5872 7647 6465 5795 7471 9307
19 1407 8717 2410 1433 4293 4375 428 9448 7888 759 4016 6126 7055 160 4020 7192 5870 511 2980
18 1711 553 8143 184 6310 2984 9081 7692 9513 1450 827 4426 8275 9025 566 4407 3570 969
21 8273 941 8569 174 739 2120 9983 6145 5477 361 1376 5616 5961 4029 1129 1812 6909 8792 7741 5365 6898
20 9861 7006 8910 6815 5010 4785 9187 2743 5122 3400 7779 8973 6903 6478 732 1237 5527 5398 9724 7641
18 5832 7327 4393 8577 4577 1589 2656 8139 5205 5087 1296 8030 6324 9905 1874 3868 3334 9438
19 8464 422 8937 4174 2474 3548 1292 8124 7702 716 7103 4686 4508 4012 3688 5184 7805 4605 6835
18 8906 8933 878 2846 1680 9664 855 3721 5027 505 5139 7372 2871 3424 4155 3633 3422 7559
19 8709 7191 7349 5390 2928 5803 1621 6837 8310 4860 6525 4675 8690 8323 6169 2273 8596 8640 9556
21 5815 9286 6971 9762 7374 3055 1585 5577 58 6968 5415 260 5554 8474 4283 9486 2160 7424 202 711 4659
23 8267 2526 3347 4323 4454 4566 3647 7268 4334 8191 5332 9325 2245 6725 3142 6964 4569 7905 7303 5575 6663 4978 4087
20 5233 4529 6221 6215 465 9051 5420 600 1504 8329 3378 7403 7963 8633 1731 517 1079 3758 1027 4962
18 7648 9251 684 8264 1802 1290 5603 9769 4090 512 3252 483 317 8738 2059 2431 1298 1445
19 1408 3259 2801 6750 7869 1899 1436 4215 2632 2949 6110 7366 2362 9603 3352 1727 9188 1665 4275
20 9688 4099 5583 2439 1865 4446 3608 7815 83 4343 7656 3525 2047 7570 9682 1538 2371 3645 6952 9860
19 1387 6304 3122 4017 9562 2426 7312 8370 700 8288 7634 8825 8102 7669 8789 7970 8068 1508 5921
22 2263 9095 9190 3164 5742 6256 4021 9654 3078 7267 9024 8757 7836 9920 8868 4269 5449 2987 8776 641 796 8265
21 7566 6168 3821 2771 3544 7680 1749 8142 3983 9674 5640 1803 7530 5085 8287 7602 882 7542 3008 9358 2504
19 4115 1614 676 2992 3272 2106 8458 8413 1552 7129 5605 1162 7897 2454 1930 1209 7934 5240 9354
17 2351 7931 194 8840 9179 8591 9250 3368 1886 8563 3569 9167 9638 7520 714 3870 2388
18 4764 3560 1342 3275 266 5869 5689 6539 7437 9016 3276 9493 8252 2505 843 5294 6074 3375
21 3155 9236 8423 7598 6708 7336 9792 1439 5648 6106 8459 9926 2773 6342 5995 9176 9347 4961 7050 8062 2994
17 3911 7777 1549 6252 2502 5135 7739 7994 3761 9749 2074 3224 5882 7968 5950 8959 9138
17 8471 1689 1898 1435 3315 2184 7001 4312 5393 7783 5203 5571 9082 978 5559 6012 8548
21 5082 7894 9790 9393 1730 5403 3794 4423 8035 4470 8571 4308 2543 8136 6782 1594 5402 9900 1739 447 9154
21 3579 5516 4639 5587 6267 5506 8318 7213 2044 1262 2151 9409 9471 7182 5437 1375 2778 9064 9645 8037 7260
19 7865 434 7605 110 3298 8350 3705 6453 1488 2087 4670 7041 2210 6583 3493 4337 7654 5774 4644
24 2766 9568 2358 8726 9954 1081 1194 2802 8332 245 9996 4902 8984 5825 2641 2588 632 1811 7717 2170 2807 2716 75 8696
25 1380 2395 6231 1229 7870 3802 888 7830 1034 7882 8762 2110 6678 3007 6270 8817 162 6254 3066 2211 9170 9962 3120 3021 1627
22 8232 42 2965 5705 8204 6280 4638 7816 2842 9587 1611 3394 4261 3296 1570 5180 5649 8146 6637 5042 2291 9558
25 5195 1691 3851 2599 2391 4828 7390 6989 9365 2278 3837 6492 3184 3728 1652 4285 1180 9379 6636 7595 205 3993 4412 7537 5823
21 9635 4311 9772 1293 5296 6473 3839 2370 6701 5741 2564 355 5623 8340 3023 4042 7972 2712 439 1522 2681
22 256 5476 5797 8765 8469 6522 258 6800 7560 7681 9893 5495 100 9512 1164 5762 9201 7601 1786 6823 869 8395
22 8044 3316 1066 6046 9856 380 4137 1360 4882 5356 4365 9998 1901 9341 6679 5657 2115 5225 2915 8514 8629 5255
20 1813 5298 8234 9540 1009 1477 3879 8341 5485 618 6394 1955 151 4907 5380 2537 7903 2556 1268 9212
22 1134 2335 2147 9454 91 3018 3453 6098 6696 7196 6146 9295 5335 6589 9536 1018 9101 9637 8174 5231 5789 9163
23 6493 7151 8834 9078 3882 5382 4161 9455 9935 8041 5487 6958 3933 1696 7945 2991 8219 2751 3687 3421 4998 2528 2436
24 8543 1152 1604 9302 7045 5350 2116 8206 8008 8755 559 3960 6400 3231 7023 1084 6852 8014 7583 651 4897 953 4300 9895
23 3169 768 1631 87 3130 8122 1128 4112 669 4207 9297 8947 8059 4245 2831 4336 9610 8788 2054 1540 5729 4512 5666
25 1377 4067 6819 7436 7980 3090 5878 9660 9862 2576 2034 2869 9276 5594 7479 7819 7582 3053 7444 1153 5305 6833 3668 3386 6422
22 7380 6509 7581 1217 7878 9006 4724 5329 2520 8722 5652 1606 8276 4924 2073 5363 6717 3237 3030 5507 8784 5953
25 7995 1909 8193 9937 9669 2232 1354 8794 9233 2033 5808 4106 1736 2488 4301 1729 2199 9503 2784 7508 3842 9894 7178 7540 7527
28 8394 1764 5245 8977 4697 780 5783 80 2313 4229 911 9035 5306 683 3287 9776 7285 8156 4894 8405 1311 9903 9523 556 3404 5779 8443 973
24 4574 3701 9884 7715 7149 7751 800 7709 1490 6208 6432 2697 4240 5775 3535 3916 668 7498 9450 4984 2275 7004 3074 419
22 1566 6504 3746 979 9989 1948 382 3180 7615 5013 6900 2662 3395 3032 6560 8632 4741 2261 4461 6055 1212 9604
24 687 4318 6284 3951 6000 7240 6727 3167 2947 4689 8691 6439 7737 3718 3714 1591 1356 3626 5452 2667 3958 5491 5375 6787
24 839 2711 446 9627 8872 2212 1485 1302 2590 2153 2019 3470 7081 8429 7143 1335 3864 579 8929 6431 616 6142 7775 3444
23 6812 4433 8026 8565 970 7028 8876 8769 5417 4992 8373 52 7433 4886 9195 1699 6659 3542 1470 1010 7478 6810 1363
22 3216 816 3855 6699 2352 219 9871 1919 2982 7623 7172 6045 7333 7434 9086 114 1529 5747 5582 951 4771 5486
22 1312 6278 5860 4221 7330 8335 249 6772 3377 514 461 5688 8496 1619 6144 5518 6840 1633 6076 8317 4502 470
22 5634 8786 7329 4607 9397 3610 4889 6648 7459 5438 965 2006 4482 7314 1850 7567 1475 2434 9947 5621 9650 8465
22 3384 552 3210 5185 4507 5696 1562 1007 5909 8129 2757 7999 9981 776 5625 5190 9265 9620 8555 6650 2016 5107
23 3516 528 2228 6245 8327 3373 2375 1326 8089 4515 1535 5880 8087 5931 913 364 3200 3140 441 7930 4963 7756 2480
21 7251 9506 4777 5637 6296 4579 3303 5219 96 153 2663 1640 2112 4558 1086 542 3351 4746 6235 7997 4254
25 5500 395 68 8130 6379 1344 833 3553 997 4914 664 1905 3458 180 5866 5871 8449 9631 149 6713 7618 6011 7214 5849 6974
22 8896 5595 5798 3482 457 7752 5861 204 2542 7950 2780 1458 5299 5692 3012 2222 3768 9840 6366 9953 7817 845
24 8152 862 9791 4200 7279 5052 4185 7401 718 1493 9434 639 1453 7834 488 2455 3900 1514 459 6053 9032 497 2814 2936
24 4634 6669 3503 6844 2538 1525 3797 9029 1742 337 8871 7795 8578 5078 7017 3980 6131 4510 6631 6022 6783 1136 4767 4678
25 5966 6778 9131 7485 9640 4874 200 943 8215 1188 115 2967 6757 1706 7821 9532 4142 4342 6273 5521 5344 3406 936 6561 519
23 7918 5997 7060 9520 8968 7393 2011 2068 5428 4167 830 1156 46 3924 2787 1372 7354 5728 2008 5317 6598 9555 7688
25 7678 3873 7397 338 7675 1767 2289 5781 359 7557 3753 9299 1884 657 9521 4536 6986 1347 6499 3979 181 4682 6240 6804 8194
25 9328 5014 7613 5134 5031 2747 6112 3429 3989 7328 9466 1308 6006 4814 5179 3751 9206 1510 9062 5776 7125 2257 8895 2565 5698
23 7609 8835 9408 3005 1441 9753 6230 4684 6954 6044 2540 8254 535 4143 3539 9468 6281 6316 7463 1762 574 6755 7502
23 5130 2396 2401 9324 290 5862 1121 2826 522 6414 4541 3787 8173 269 7301 8045 6251 192 6503 2143 6960 2791 3767
25 5865 2847 5714 851 7061 313 2989 5064 4147 310 2817 57 388 3737 9530 6934 9009 8557 1277 9205 6569 860 6059 491 7887
24 9371 3877 4170 3534 7086 6027 2562 6690 4201 7108 4696 609 5214 4010 9070 8321 921 8312 1328 5560 8077 8522 362 5193
21 4071 5967 1067 2018 9489 3318 2613 8889 1754 2998 673 5422 5573 2492 8444 9859 2618 2311 3840 6496 8151
19 8078 2239 7379 1609 2331 1849 6773 8296 8601 2910 6020 5920 9663 8202 8393 2885 2514 1946 2084
24 1330 1051 4386 3573 3587 3741 4264 2055 3277 3982 3147 3684 3869 1645 5061 9605 1447 2927 9124 9774 6303 3829 8771 6479
24 2863 9601 750 6402 7872 9149 2931 3110 7000 76 4883 6365 4706 3773 2700 7067 1432 7523 1254 7770 2990 5526 9015 496
27 660 9166 4662 7230 1505 8651 8793 1243 4444 4272 4612 781 4614 4656 8313 7373 5271 5264 9834 2934 3578 4369 5660 4890 4540 4793 7555
22 3123 4616 6687 928 177 8249 5090 59 2946 6223 1225 1252 155 3788 2347 4927 5819 5101 4798 573 7063 4625
24 7545 4338 3198 6623 5307 8322 4550 4497 9178 1972 1636 4438 6195 7208 992 9693 9171 9652 4505 7106 2904 265 9958 63
24 7179 766 8237 9735 4628 7526 6567 6515 5701 3897 9355 5565 5295 342 7550 8091 8703 7255 7714 1628 3197 8061 1099 3708
25 5955 89 4560 2101 5167 3625 8004 7651 189 1406 6904 324 3890 3615 6853 1945 410 9680 2383 4531 3940 637 5897 4821 4329
21 3592 5713 3243 8289 6436 893 8038 4862 7221 2246 3973 5047 3658 3673 9472 640 4008 9916 8768 6730 1651
26 820 9435 1558 1340 9329 5843 3785 135 8813 1171 492 905 6315 5389 2974 5458 5572 1814 298 9399 859 7683 3354 3038 3403 411
22 5254 7937 7026 9675 8541 2009 546 3095 1719 440 6387 7350 1534 9578 3994 1878 6661 1576 7089 3092 4690 9510
26 4904 49 504 771 4089 3500 4190 5059 8369 2080 5720 6758 8667 9088 3789 5145 4253 8748 8408 9667 1716 415 5215 6264 9192 9577
26 9141 9858 7439 4802 6935 6990 3348 987 6183 5297 2413 7200 4946 967 4233 9479 1513 752 6825 983 7666 3369 2749 9615 2661 2423
23 2234 7245 7042 1994 964 5028 1023 5817 1135 958 9929 1565 9432 6081 2575 3838 312 9661 9342 3607 8132 1071 3080
24 3766 5354 7115 9967 9304 7361 6312 74 4130 9008 989 169 8196 8230 853 6070 29 1333 6920 4590 836 1369 2783 1911
24 8039 3126 9721 3170 5176 3777 7670 9173 7321 5786 4845 2660 3594 1563 8021 5469 770 6467 7486 8940 892 4196 2487 6639
21 5266 3968 9974 4377 7513 4241 2020 292 6291 270 8529 6938 6132 6855 3413 6 4320 2516 3345 7134 3143
20 7576 2506 3049 8649 6167 1306 2207 8015 5093 398 8921 9516 6568 6913 4176 1974 6943 8195 3472 5208
20 2758 3815 5777 1390 6437 7316 1127 5070 1074 9118 1517 354 6307 4154 6608 5932 7967 7164 2985 1185
25 6198 8246 1398 9428 3410 4126 2129 4703 2071 5100 5839 4727 9262 2312 5980 4056 4606 5494 6880 1686 3998 9208 6564 9505 8964
16 498 6817 1203 2955 9964 7388 7053 6905 2118 1201 1982 8836 7965 3062 7839 6135
19 9625 6057 5315 5121 6138 6174 5505 8295 4202 3337 5620 5641 129 5017 7048 3457 1473 5635 4556
21 7148 4710 5244 4356 8381 257 3963 318 7155 733 7732 5929 7398 3874 9789 4036 6828 127 6149 2149 3116
24 570 2003 1236 1674 6359 7800 4831 991 6026 1701 4934 6058 3068 2886 8524 8674 3357 2486 3084 7544 6798 5092 1678 7534
25 563 5868 3186 1160 6393 7691 7243 161 1280 2657 4109 6649 247 595 4711 5563 2377 7827 6981 2405 5996 3226 2781 4256 5561
27 3709 4327 1776 8052 319 5670 111 3545 3494 1960 5874 2560 6802 7514 7879 3792 6987 3097 4463 3699 6040 6052 4683 3601 9873 9255 697
25 3991 1753 405 7575 3696 1515 4031 7935 6893 8352 231 1456 6343 7585 1523 631 9085 963 5120 6797 4411 7631 1001 7806 8636
23 6021 4611 389 7528 5 397 81 468 9979 7863 3228 1392 9570 5242 226 3738 5722 8846 426 5633 3101 8631 5738
24 9488 2664 4716 662 6676 3105 3310 6238 3065 2645 1063 1169 2379 7141 6333 3294 708 9886 1981 240 1801 7165 5970 7456
22 9756 8120 9484 674 8861 2148 7005 3574 3576 2972 7943 8704 1992 1388 423 652 3959 4954 3734 9388 3826 1199
25 9440 3322 6718 3278 2201 630 164 51 5592 7778 5662 6396 8300 9875 3935 8664 8179 2046 6293 5805 480 6626 5591 3913 2451
26 9189 5532 5895 6275 1465 6551 117 141 8815 8507 157 4051 7673 8856 4604 4225 7892 8411 7342 7713 9563 4735 8412 9768 9700 8311
23 4753 2169 3919 9416 7116 1854 6652 358 7942 5073 2315 8614 834 407 97 2127 3115 8888 9948 2844 638 5551 9941
24 5046 3128 8936 158 6516 1282 9133 9939 8562 7257 4179 7809 112 4623 1190 6349 4484 3910 3498 1449 1881 2105 5432 9982
24 6507 1241 5117 1238 3364 4583 4603 580 1866 7912 3293 2407 6199 9083 4731 8635 5824 9878 9586 2189 4274 1991 6216 6627
23 8733 2140 9590 5619 8000 8477 8013 5770 1460 7346 5943 6119 4812 5131 8 6071 1669 4319 4936 3355 8167 9827 233
21 330 9811 2036 4044 1694 5108 1698 6170 1114 9323 5331 1806 6734 2190 3977 5342 1266 9030 6184 5991 3232
25 526 9136 3099 4622 9494 35 8677 1389 9072 335 5810 4763 9928 201 7657 4242 2443 4688 4381 4584 7705 9474 7608 8670 5638
21 9157 5241 2013 9899 3863 4428 5978 7218 3641 6953 6288 9162 4499 1107 2102 3613 9539 4479 2544 8009 5273
29 7782 9850 3866 1772 5671 5125 311 2835 9526 9218 2589 4335 903 8837 9040 6967 5708 2696 8467 346 4039 1815 5515 856 1263 4827 7246 7422 2879
20 4214 8778 5301 5314 4223 8284 3923 5727 4538 2723 8098 9226 4265 1900 8823 3652 6881 788 6680 6830
23 5465 548 6580 1178 2136 4193 8617 7949 4930 7276 4146 8028 8379 9357 2503 4121 3577 7505 8197 1891 2956 6173 4361
28 9054 5973 8566 7728 1042 1643 3850 8821 2014 2581 9588 5971 6220 2929 9706 9566 7451 5888 8169 614 3014 7386 6667 9542 3796 3554 9544 1851
30 4935 9446 2198 3367 2755 6186 3905 9231 1799 8509 4546 5820 4125 2508 3740 5672 2605 1605 7665 723 607 7376 7332 7738 2862 9698 2881 5050 3188 7936
26 138 294 6464 33 9380 5749 8067 5192 7157 1963 7620 1142 5746 4164 4404 3433 284 9623 4449 2856 4150 5864 145 8216 977 870
22 9543 1285 2430 879 3858 9864 7661 584 2354 643 4434 588 1502 2650 4041 2421 6489 455 4841 9164 7593 6301
28 4660 3575 8766 3331 873 7679 1228 7097 4431 5998 5230 729 5842 8029 7499 5272 248 1940 5607 3689 959 9569 821 6832 6308 1655 2494 6014
30 8172 8404 8590 5855 1923 1560 5610 3791 4443 2389 4578 1507 7909 9169 6965 6528 8016 4595 5004 5576 7339 6801 6139 2269 1601 9134 5569 5787 6596 2518
25 2600 3590 3425 8432 8166 9921 7150 9672 6175 3568 4549 8425 9046 5636 6140 5034 7862 4210 3081 1404 8830 7726 6266 3901 7341
26 493 460 502 6889 2194 9808 5096 8775 1892 6418 8599 1828 2466 772 1075 7211 8430 3561 4920 6196 9148 9765 7900 9444 2809 8618
29 2265 8952 5462 6864 9241 7629 615 2183 7188 225 1409 4288 6924 3343 2411 1763 1240 9758 988 3591 8101 195 894 2938 5918 8416 4699 126 2497
26 3883 6155 2252 659 6630 4095 9857 4440 1137 6323 8942 5199 5150 500 9644 6571 847 6109 4721 6838 4877 5907 4268 7470 5065 1993
28 7175 9951 3899 4248 4926 9406 848 3892 4504 5828 6582 7532 3672 2837 1221 887 9653 3371 9386 2240 5172 6289 5391 3649 9535 9580 7215 3595
25 9053 9988 2000 8890 2920 5170 3678 3194 7345 831 8990 4756 5622 3204 7325 72 4899 3593 7121 2691 1834 4973 2959 3857 4347
30 2717 152 6425 5881 8049 4909 7022 6826 2161 6225 7522 3637 8605 4713 5731 8999 9421 9553 1578 6373 6383 401 4000 4326 4664 6867 8487 3760 8228 9741
32 835 7674 1247 8586 8727 4942 7592 619 5434 7876 686 305 6706 1783 418 4800 1654 761 6604 4429 1949 2356 8838 8811 2627 1287 6360 4384 8928 8240 4419 6172
31 1666 1030 3827 9104 5632 5499 2039 3427 5071 7503 8511 2276 7740 475 9122 4492 2690 8048 4846 672 9125 2905 7987 1297 8685 3547 1015 1967 5930 6179 341
29 5604 2922 2482 3907 9955 8251 4204 5704 3565 9280 4218 844 3461 7159 3418 2133 6083 3967 7504 8065 3521 4884 9557 1361 9045 103 4635 7718 7996
26 8595 8121 3856 1175 682 1138 2499 1226 2320 4591 3026 3463 9683 9999 6104 9487 1116 9114 4781 7139 8203 7477 8270 2911 503 6017
27 6197 3258 9150 3405 6618 2679 1676 5425 8512 2428 3786 8860 3327 4596 9779 6346 6477 783 9069 8018 8658 4237 9573 2380 3970 8314 582
27 2202 910 3681 9559 2841 5102 6764 1011 2132 322 9547 7146 5982 6494 985 8303 5194 1332 1912 4624 5300 3208 9112 2848 166 4345 4747
26 8546 6770 7011 1025 7845 8263 2525 670 6187 7247 6182 2658 5114 9560 4035 7476 6314 6067 8126 8010 7617 2926 4346 9705 824 2249
27 9151 4077 2795 4701 1053 1174 3341 6572 2243 4822 4749 5006 998 5040 4043 307 9239 7027 5164 9142 4366 3239 9759 253 1211 1653 8470
27 7849 5057 8781 4476 4194 550 2078 9067 4402 6721 7290 9050 1416 6617 5799 9701 2676 9911 3217 7 6116 6517 3510 8117 172 6320 6202
27 957 7173 589 4734 4589 9461 6666 5404 8939 5330 680 914 8175 3013 2181 3046 9144 1366 7193 2172 9881 2422 9978 9934 9100 9782 5517
33 3249 1386 1660 7402 5945 9268 7769 8874 2629 8260 4833 3819 8338 5540 2970 4838 9156 3085 7510 5362 935 8600 3691 372 4038 3930 2571 581 2567 2031 2481 4235 5211
33 6261 8934 7244 2384 9719 3346 3513 0 8262 4456 8855 3926 264 2631 1530 6466 1391 6512 1087 2988 4451 757 5039 5408 1583 3706 3196 8979 12 4947 7861 3918 1778
30 6430 90 69 2775 3724 8518 4774 7554 2833 8807 7167 5248 3319 5986 9901 763 2208 8212 8785 2619 7902 8576 251 9285 4702 4811 9003 3876 1868 722
32 7735 7343 4581 5151 1600 8687 6160 4064 2040 2390 9694 920 3108 3747 2419 325 6827 7225 4333 4206 1953 6886 2545 2197 1728 5615 262 5586 5717 8743 7652 6614
28 577 78 3505 4957 4917 8991 4858 4247 373 2017 3812 4371 4213 1726 4328 3884 7083 8608 7940 2002 7263 6702 8802 344 1518 390 2530 8753
29 5370 6234 6410 837 9745 9310 2509 223 3981 805 3061 5075 2551 2108 6714 3325 6054 4618 8457 8342 242 5316 2214 3752 6153 5736 6133 8945 9478
29 3922 4773 5934 6563 5585 5759 3297 332 2643 2887 9414 1314 6945 5104 7102 5026 6712 5655 9401 6549 5141 1857 349 5764 7856 2448 4680 9404 7649
27 5388 7794 3051 931 5912 930 2774 1427 84 1126 8149 1914 5191 3939 2593 2798 7070 2726 9319 8427 9713 809 891 1550 1615 2157 9204
25 3042 7662 5181 8714 1198 760 9363 5249 5691 8390 585 3674 1161 5464 3621 495 3445 3965 8853 5158 787 1820 4353 6737 8909
26 1048 8995 8073 1373 3205 7753 9278 7443 5497 917 4157 9598 5394 6695 6788 2898 7904 3538 8777 6041 8582 5161 340 119 2406 9600
28 3256 3775 5965 919 4104 3156 2286 1329 532 5200 3094 623 7558 9852 2270 2026 5419 5807 2827 8428 4620 296 2065 6921 5844 1928 7886 7911
25 8983 6250 1926 6910 2746 1735 7455 8665 1085 6545 4955 8221 6689 9480 7762 122 458 5558 1318 9788 6203 4965 9866 4188 5885
34 3448 9764 4751 6871 2293 6073 7467 3479 1151 6979 9186 1692 2867 1244 907 7242 1952 9232 6653 4493 370 2192 6247 3566 2628 5089 2597 1279 9143 5549 9422 1350 1773 283
31 295 4057 626 6482 4718 813 1750 3667 4885 8602 8894 3456 3685 4919 8787 9252 3639 7248 8138 9611 8822 767 3990 7287 3936 7518 1798 8619 2594 6537 4915
29 3387 3181 7120 3036 6747 8001 8463 1971 4376 564 3284 6996 6362 6644 1571 9266 8291 424 9511 9132 4979 7754 8736 8712 4840 3148 6442 2901 5707
32 4052 7539 9718 9930 9636 1608 1420 8679 9437 3313 9116 3241 2004 8886 6380 4332 8283 9564 7438 4742 8233 6193 1159 5710 7454 3614 2812 5667 1345 5044 9969 6413
29 5959 1062 7487 4050 3702 4788 230 9126 3273 2977 2671 6624 6786 1713 1117 2029 4654 6789 7506 1775 9369 7302 9691 1527 2308 3138 8731 6955 9418
33 4189 8364 665 1429 4867 7719 2279 7981 7304 6651 7059 5974 9458 8231 9824 4139 1832 5737 2899 9518 9199 5626 9639 293 8852 6335 5261 8516 4895 3072 7294 7348 9343
32 3233 5535 3149 1520 2768 4175 2281 5238 3670 5601 1920 7509 237 6388 1838 4723 9047 3043 4740 1213 6777 2361 1324 1586 4485 3478 5734 4532 448 4586 3106 2561
35 3511 9589 5794 8277 4358 8506 2064 5802 3835 9092 7288 3136 7118 2077 6591 7757 5067 56 5340 4787 6127 801 6937 1072 1658 8998 4848 2964 9766 8935 7107 4714 2969 3555 6090
30 5077 6857 9806 968 9907 2873 2298 7745 9247 4599 140 1482 3389 9716 7013 3129 1581 1471 3372 176 5788 3627 8527 8043 8708 7789 2456 2007 2155 2338
30 8579 5613 130 5461 4144 1787 3480 3606 8967 4019 2314 6809 8597 5718 386 633 6962 3088 2070 6682 165 1922 4296 6077 8510 7843 8583 5204 3642 3504
31 8407 1807 5555 2459 8266 9565 8638 5769 7419 6814 7873 8956 9060 8883 1353 3067 6078 8034 1286 4216 9301 7933 4783 2264 509 990 24 5960 7978 6511 9784
29 3611 8447 7183 2971 7253 1133 261 4990 1647 5162 7282 7792 603 7171 4448 5539 2951 4070 8357 7736 4651 5686 9524 8112 7413 2478 6269 2630 5320
31 5482 667 3953 9076 9391 7227 5439 8042 7135 715 3415 55 1029 7962 7385 1848 7217 4570 5357 7959 7716 9402 9364 9686 6248 5337 7807 7730 7951 518 9410
32 5371 773 2069 854 7482 4677 2687 1770 8974 8153 4344 5905 9490 2811 99 9091 2821 4534 2625 5745 9608 2669 2978 3713 2976 5985 8750 3816 7837 2213 4977 6121
33 1808 7569 6925 6459 393 745 5596 5159 6535 3481 4140 5290 9464 3585 1873 1536 5541 9021 6884 6043 7780 8923 3862 8556 5665 8376 4026 5548 4352 696 3540 6088 7326
34 3160 7633 4996 3283 4391 3680 7572 3420 5639 2725 5309 7712 8761 5804 7725 7763 6353 2445 4299 1656 3365 1733 2089 1703 9036 823 7220 731 2828 8501 1270 8589 825 5410
34 6781 4398 9037 1014 3267 9394 7111 9317 7727 5530 5289 6735 2666 5450 8688 7184 4610 6334 4406 471 4405 3189 5328 2363 7360 4108 2626 2706 6068 4518 7002 4832 4418 6061
30 602 6785 6313 9754 6876 8828 5916 6037 1532 2948 2325 8721 6601 4424 8550 8843 9419 2402 6870 8473 5364 9722 9977 4360 2088 7677 4872 9383 2957 7577
33 1758 9549 1592 8050 675 841 9798 9593 594 3146 8106 918 3896 2015 9923 7206 9624 7273 2665 9801 6642 6391 7169 808 8902 9074 2094 9001 3962 8298 2532 3107 531
32 5846 7867 3903 2236 4183 408 5433 1980 8689 2062 3515 7355 3003 7099 8650 3599 6050 2200 6645 4876 7497 8188 2437 5091 7604 6327 8891 6633 9431 2134 8360 6164
34 6683 416 2479 53 1677 4627 456 4524 1837 8466 7068 909 7589 4180 6156 1057 6306 7898 6403 6035 1844 7145 6536 5684 1989 2553 4459 8002 1227 378 8978 1551 6843 4916
34 8183 6474 4152 4530 2868 7406 2158 190 2680 4306 4921 8907 9287 7941 4617 4098 5581 2527 6607 8702 912 5414 7113 4982 3793 9306 7619 2866 8305 5032 2999 1638 7315 6065
32 2954 6664 5826 9263 3091 3203 956 6412 3262 7195 3134 6763 6484 3806 7556 6991 9066 9626 6232 7814 4022 7137 8739 8706 4450 8695 1543 6495 4600 4875 1637 7747
36 1364 5467 4535 3845 6922 6395 7988 7927 4542 1309 4818 8857 4284 9068 6811 7035 6565 4421 2714 2806 5899 2460 28 6107 3206 5088 3022 88 4631 6222 806 368 1150 1106 2952 819
36 1579 3860 1734 4937 8250 7538 5079 8256 3158 1519 1679 4374 4153 2610 9303 9261 4199 3269 6072 9387 8773 2425 7079 1426 1026 9259 712 6911 5677 2533 7991 5256 1559 7049 3517 2103
32 596 3765 2933 4553 3326 6519 3711 5490 4720 1880 3635 1044 6375 6540 6698 982 5643 5733 255 9230 7685 5893 1755 1041 880 18 6356 6181 1464 5712 5690 3952
33 1826 1752 2005 9537 8494 9107 7672 9502 8976 9370 529 5993 1761 6345 3271 1469 1495 9671 1033 3261 9726 6641 2458 6031 1381 8818 1393 3015 7123 3071 4871 7690 2254
34 666 2583 8701 8820 5542 7369 521 8253 4519 1045 6025 863 3828 2287 3692 2945 3109 6877 9465 1684 4554 4102 206 6593 1112 7524 8520 1580 1975 2306 3529 9838 900 1766
34 7643 8386 5511 9366 6150 6816 443 9395 9853 1120 3407 5429 39 9651 7948 1294 8882 254 101 1780 5003 6285 591 6095 1979 898 3586 8192 4138 7090 4224 7921 4708 4014
34 7822 1143 4896 16 4046 7842 2838 541 6615 4864 3286 3563 5963 5611 8279 2704 3971 4738 7040 1823 2344 5421 8676 7391 1481 857 8058 8533 3451 4913 3956 7655 7187 1793
36 6257 5041 3867 9378 5148 5435 4722 5512 4025 6364 7037 300 3131 6224 2404 5732 3344 2130 494 5385 7823 7262 3255 6381 9275 2621 2865 44 7616 1939 9912 8060 950 2267 7066 9932
35 1271 1805 1038 5492 2049 4181 740 8365 4388 7291 1020 199 2066 6749 1830 9098 1537 7961 4159 807 2932 5743 3726 7658 1951 2203 105 5110 2119 7174 5948 1367 277 2611 7272
32 2648 1130 4259 9785 3762 606 9084 9994 4888 4292 7531 4081 6063 4637 5972 1616 414 7410 8537 7241 8930 8163 7469 2162 695 8779 9679 65 7435 371 3381 7162
34 2554 2858 7475 3541 4348 6331 7131 1395 527 8899 9739 8115 2845 9681 3437 9427 3805 9647 3822 5891 9237 4445 9684 7224 1337 9805 7457 2731 8880 7764 9829 7850 2587 6632
34 9211 1492 6980 3781 2343 1197 7441 252 36 8680 7847 6705 3695 6143 3495 3096 1840 3552 6724 875 8795 8071 885 1005 6799 2721 7791 1943 8353 1313 8374 6390 4707 8114
36 2414 7511 1938 479 5005 4983 7381 385 9795 6097 597 4792 2685 6684 2759 6846 5373 3814 999 5098 2598 8280 1687 2875 9508 9022 2962 7280 4995 3308 9687 7008 3474 8479 5681 4576
36 9670 5049 1712 8134 5448 7430 147 3715 6163 4938 4500 6287 7525 2897 2686 6228 8713 6977 9709 599 4220 5338 1463 890 3676 2177 5702 2095 8981 4197 1672 3468 4685 8715 7908 960
36 8725 9662 4922 3235 5545 2037 6419 150 4527 8652 3402 6927 5852 7612 7114 412 9453 8796 8190 3571 1403 3245 6468 8208 4203 217 6592 8127 3943 8987 120 2789 1503 5851 6576 1635
34 8103 9014 7313 1424 7458 1049 1283 4076 7660 5975 1792 7536 9012 4316 8435 8384 8348 1054 3031 4778 2958 9000 6370 8881 4462 1183 3135 749 196 1288 2616 5007 4097 6588
33 929 7222 487 627 3139 8445 8737 8488 3176 5906 9952 4101 4430 8255 7431 6502 5270 8031 9345 1334 1343 1384 8382 5155 3447 5593 8165 3583 7731 7697 4063 6587 2659
35 7277 8085 2607 3630 1675 9571 6049 2477 3069 3304 1248 9809 259 9279 8109 9002 6462 9712 2692 3329 8869 2180 4198 7548 7749 5381 4267 2732 1115 3083 8236 3366 8819 6546 124
38 3117 9038 1425 9352 6363 5910 9184 4315 2403 9495 7305 4262 7776 2857 133 8639 7860 1936 4011 367 4693 5927 246 3414 9843 7269 9305 6848 2694 4571 3274 2834 4981 2041 5372 1484 3285 6051
33 1204 5324 9755 2353 2221 9172 5278 9376 5687 4163 1000 8047 1182 5782 5268 4113 1673 2333 5957 19 7971 7913 4073 7250 2896 8742 4681 1305 3328 6762 9094 966 4364
34 2652 5127 6635 8547 6177 7637 8913 9781 4953 7748 3742 6711 5951 7706 3795 3393 8780 1927 3886 4496 8304 3017 4772 3307 6501 2491 6339 3527 7152 5937 4561 8092 5473 8351
34 8551 7639 7611 2614 7158 4298 5863 7202 3192 8483 3431 3020 9703 3646 3054 2364 955 326 438 1582 7535 9245 3469 1966 4468 2063 6533 9828 8916 3931 6969 1315 946 9770
30 1641 6845 8227 1339 1278 4948 9235 7916 7190 3340 8347 8552 2675 4748 7500 3824 1480 7051 1561 2816 1077 7128 2884 1765 940 4552 9731 3159 3006 4901
37 7080 7984 5537 1809 4436 3291 6634 499 7163 1668 790 5137 1630 5000 3849 4128 7058 6518 1748 4911 9946 4528 7686 1251 5286 2336 2302 1281 7281 6704 8164 6404 6029 6189 2493 4184 4789
39 352 1109 747 2469 8575 4486 4472 3934 4370 7664 4844 822 2705 6354 5347 986 6192 9845 3700 2348 583 1732 6336 2602 9746 7311 8719 5319 8104 8433 5009 8559 9244 8024 9971 4548 5877 9330 3531
36 9282 4122 2563 1060 9130 5456 3118 320 6616 1904 576 7473 5514 301 1214 6352 1870 4633 278 9312 2321 755 454 1234 9271 7565 5234 2483 3163 4271 3710 1022 3161 5481 7722 1921
37 8961 5944 8927 4415 1417 6658 2609 975 7356 1310 7765 5311 644 1544 9135 1459 2981 3382 7044 4648 7635 2420 3244 9944 7627 2196 7101 7512 6260 1957 2510 8585 7852 7841 1791 3048 8694
36 2586 6729 1499 3620 7986 949 9892 1836 409 4941 7875 5793 5080 4985 8371 895 7853 369 4970 9405 5186 6739 742 4668 2081 4409 735 9291 8535 2709 5845 6842 4923 6038 6647 537
34 2820 8919 128 4573 1430 8417 437 9889 2595 7906 1962 9618 3132 1774 8436 7564 2283 2226 1906 4475 6839 4770 4863 3230 8905 1869 5538 218 575 2123 8774 2585 9527 7460
39 9646 7232 2966 15 9165 6411 1944 1064 5510 753 413 6612 5834 9217 6892 1068 1094 3211 6594 2219 5628 8186 8491 549 6469 5143 11 9348 4255 1378 3459 621 5466 1323 5859 7772 4339 2367 5723
39 1831 3302 7744 2418 3744 221 9121 9909 6538 8641 3908 4652 2178 7939 7104 5063 6398 9326 1122 3137 744 8259 524 5283 8209 3338 5709 7480 3438 6086 3098 4367 6901 2385 9293 9968 1916 4526 9799
38 688 6392 6347 1745 291 8711 8410 5396 1821 9044 2843 1207 3336 2513 6707 9689 6018 1847 5833 4918 4148 7212 884 4498 5697 2277 7797 1663 9433 4613 77 7156 8986 5609 4422 7399 1990 8385
33 3353 9117 6258 6351 3350 5574 3332 3556 3151 9851 4945 6590 9855 6010 2121 7025 2032 5220 5081 9140 5617 1291 3976 944 6831 142 5243 8247 9398 7474 6498 2678 9481
38 6214 544 2 4005 4278 8006 5163 9183 8398 9338 2646 7091 2100 9332 3290 8842 2944 5962 5443 7546 1584 9922 2592 1394 7825 5892 4403 10 37 9277 1626 7810 6532 2268 451 1607 9296 9802
37 9194 8003 6869 6421 7412 5446 5228 4452 4117 9531 3865 8593 2030 1526 384 1934 7884 2682 3894 1173 2727 5806 8133 3945 7507 8086 5765 9602 9221 8606 1800 8660 8272 3589 9995 1864 4171
34 2452 336 6416 6374 3518 4302 5739 3651 1872 1256 4212 4295 3449 8378 8489 9264 6079 9337 2045 9938 1110 9063 2638 9020 8241 717 5809 3467 4592 8070 6722 2386 1954 5269
38 2921 993 4458 7481 5156 9817 4252 7668 5796 1777 1317 5879 5035 4544 1172 3174 2316 8137 9609 8226 4103 2997 3428 8452 8064 9234 3133 8326 5019 5719 3559 1947 3041 1295 8187 6480 212 849
37 1125 3656 5917 1139 3898 1412 3644 6361 3086 3398 8391 2852 8824 1483 7298 6742 8732 2125 9011 2299 4187 6685 7599 5933 8451 9013 5445 6769 3661 4646 4615 3664 3349 2670 9607 7907 3748
38 1785 7694 2472 9632 4227 3707 6753 8958 3489 4363 3487 7284 5124 7400 9228 3730 5994 1894 5378 4676 645 6204 9473 4786 4861 3475 4849 8344 7799 2250 8994 8567 4580 9869 937 2968 2215 2582
39 7216 4980 8949 9816 5313 9629 2301 9356 530 5508 3546 7432 5442 5579 9959 6134 4080 2187 3820 1351 478 4359 4854 3052 9137 4755 3221 1497 5358 2360 3214 1509 2572 5489 3957 4135 7270 4111 7947
39 3190 1574 2785 3694 2141 9052 1095 8281 6128 5925 3745 9451 2552 2052 4002 1825 5451 6298 2683 1496 8975 2889 1903 5060 7826 3964 6458 137 3165 6771 6688 5173 6660 4380 1255 6332 8683 5227 5033
35 4049 476 1191 7084 3201 1907 7185 690 9737 5440 3229 2924 1915 5441 9844 7586 5519 9617 6075 2754 6087 2515 9574 2471 4209 8647 2072 7453 2703 3653 5543 9349 1399 1690 4539
41 4172 3288 4994 5984 2813 9224 309 1055 9943 4969 6978 1620 9835 7404 8337 1467 9160 7696 4276 14 4149 4836 9641 7127 2733 6805 6194 765 4729 5589 7977 2282 4959 9065 486 6358 6821 4354 8539 1738 3634
36 1817 9361 1348 2736 8261 8957 9915 8328 6244 2233 1883 7462 3743 4132 8611 6024 3441 6450 938 8217 2341 9730 4879 562 3564 728 146 2612 6317 7154 396 7729 2075 5915 8268 6732
39 2368 5557 5534 8613 7721 1659 3114 9583 3532 1218 7352 4898 4435 3817 3317 6665 4779 7033 2462 5484 5123 8271 2580 3843 4563 2317 6733 7461 2284 1997 4593 2427 9517 6972 1385 4674 3202 764 6656
36 9111 9155 9202 6237 1462 2126 1165 4116 2960 4413 4124 9628 3011 5761 9283 6350 5790 5642 7829 5236 6505 8199 8525 2035 3809 9210 8229 316 2285 3996 6103 2345 7261 561 2804 5836
35 6229 8504 8903 3693 5345 7442 4636 8663 792 9439 1039 9634 1233 8931 3846 924 6908 7588 4177 6530 3113 285 8331 8403 829 4234 9449 6420 5599 3141 6028 3522 7926 4791 1235
41 4119 2297 3027 1275 8693 1612 4096 6822 5218 6274 484 8904 5074 2511 1986 5083 5913 1796 4382 3390 7012 8422 3370 904 7231 7133 8056 463 867 786 8922 3112 3450 8637 1474 9023 8011 9463 8290 3872 9882
40 6638 3075 5209 61 5349 3557 6681 4030 4621 3335 1725 3675 4657 1002 3191 8294 4667 430 376 693 611 7881 302 7428 2319 7357 9105 3966 2461 8508 7092 8160 7306 7746 9613 2441 7371 1184 3305 8898
34 2864 9727 5653 7323 3764 8108 8176 4004 2624 9973 648 7983 9780 4511 6993 8066 1146 2739 803 923 9429 6949 7226 9775 1506 7562 7252 4733 9865 4666 8105 6776 6217 6942
35 9246 4803 8017 9732 4186 678 2154 6752 2142 4110 7610 5397 6914 9497 1405 3251 3321 1885 210 4700 6940 4704 4842 3485 7420 6101 7052 8554 5459 9099 5430 4698 7801 2829 5562
33 7855 9695 7695 2649 8699 3844 6348 4495 8634 6446 3887 391 3484 8826 1056 4761 4317 4737 5493 7578 4837 154 7818 1155 374 4905 6818 6929 6397 4257 6094 655 4712
35 9475 271 5310 7699 4249 4673 5105 6523 5146 8628 7334 5327 798 4547 8686 9902 3514 8759 1047 4843 1789 8171 4389 7170 433 7057 8951 506 2109 3729 2393 8953 2357 5374 2620
38 7427 1704 3811 8829 5182 8681 1760 1547 6738 8460 1419 6171 4892 6454 8604 2262 7043 9367 3889 8560 7378 2111 8319 2113 7628 4372 1284 8069 5735 4790 4999 3848 7119 6136 8244 9778 9080 6524
38 691 7720 4217 8053 5680 5066 4001 8924 308 4880 3774 5763 8159 5694 4582 865 2235 2082 9666 3073 6841 3213 2432 1338 5043 864 5979 8359 1455 186 8648 113 6408 6709 8893 1446 3719 3218
34 4794 8481 1818 2756 2912 5312 8700 3925 2050 9057 116 5367 5427 533 5606 2695 6376 1013 3596 2521 3222 7684 6894 2880 7594 1827 6887 399 8515 1958 3311 4619 9113 3985
35 1959 2152 1196 4279 462 9777 6500 7296 5772 5012 5133 2909 6862 7645 5766 4160 6544 5202 9734 3047 3359 5038 840 8767 8301 7452 543 5873 9181 4416 634 9320 9904 9987 2400
38 9284 9584 5668 7449 7667 2218 706 8201 7278 1253 6847 8528 360 2255 8892 1303 6716 3477 1494 1383 3799 4557 9567 2229 2128 3666 6529 8181 6158 8521 5624 9924 485 8306 6201 6654 1486 3697
39 3987 9592 9115 2339 971 2745 3281 4350 4055 8274 6268 7407 8448 2825 8616 5894 7844 6726 5174 4555 8414 6946 8420 3776 8800 1043 1157 3223 4810 7445 6209 932 4061 1682 7396 677 3207 501 9767
43 8858 1556 7015 26 7014 4629 5940 9139 2429 2359 8970 2470 4931 8581 4630 9203 8025 8862 1206 1709 642 3356 406 4829 2741 9400 5037 4321 8396 8839 4649 6165 1202 8079 1031 2566 7197 2328 3588 5725 3168 9927 769
36 2870 5898 3333 1597 4018 899 6036 996 5935 7703 9728 4401 1618 6082 1461 866 5730 7758 6963 1195 2839 4609 6736 3077 6004 4024 118 5792 1443 4705 8747 3111 1937 453 5926 1105
37 1040 3044 4151 3932 229 663 8954 2057 513 5168 1089 3362 8437 6999 2900 3199 7112 9290 9469 3499 5252 7975 6487 6527 5444 7640 5094 5339 4816 6917 2079 1017 1790 4291 6311 3289 6883
33 4967 5503 1365 6983 304 721 6874 8486 1603 1431 5175 4687 6178 7491 9800 6629 9630 7848 2684 4023 7283 7446 3617 9048 8157 5981 1546 2376 7644 3859 1316 5471 7966
35 3361 9248 5886 1964 1239 2058 6859 8564 8182 1301 1104 2558 881 4835 5405 4551 2372 6807 8116 481 3466 2023 7160 6118 1200 366 5922 3947 3219 6745 7858 3779 31 467 6161
36 2038 4466 5336 7606 7636 9752 5654 7773 6309 5401 9314 871 3603 7761 7039 1069 8801 9906 8278 6915 2251 4525 8758 3408 3852 8161 4464 6259 2476 5217 1500 6602 754 7711 5650 587
32 726 8207 3519 5598 3755 4314 7896 2027 1871 6033 9677 6585 5352 1829 2872 2206 5187 2224 5614 241 1623 4972 7920 3270 5814 3257 9945 1108 9253 1634 8484 7029
34 5876 1846 4166 8415 9761 515 4282 8920 8812 4158 2122 6586 6085 3584 9334 9483 6384 7813 1265 1931 179 3915 1843 4971 6355 7073 6239 3841 2398 2559 3938 9041 6988 5780
37 6933 2772 5941 5529 3640 2048 4304 2674 5457 4134 4003 2415 7811 5811 6206 9833 6941 2903 8185 6743 4033 2653 7210 5841 6775 9294 5165 7274 2764 9879 6579 8985 1685 5946 2718 9710 2501
38 2440 4805 7871 8740 6151 2519 9223 7203 9272 720 1242 4929 3330 6918 560 239 9007 6429 8334 802 8168 2888 9209 2740 1336 6120 8827 774 8198 1362 1617 1232 2392 2294 2104 5711 6013 427
36 4107 3628 5889 417 8513 3380 375 5744 2468 5901 2642 5253 4325 734 8917 1444 1524 3834 5600 7973 4420 8475 4750 7236 7353 4865 5773 6863 6984 3526 1646 876 826 4993 6002 4517
32 671 5149 1113 6640 1737 62 8368 6427 6218 6084 6188 4728 2412 2465 9372 178 2010 8621 3657 1088 6476 6792 136 5753 5011 1331 828 2340 1374 8343 2093 7166
39 1572 2636 7047 6597 7724 4408 4817 5857 1521 4385 1759 2176 1304 1693 5279 4565 1320 8844 1489 6457 8675 2387 4129 775 9717 1710 8671 7573 3736 7266 7085 9744 9061 8388 8088 197 7551 4228 9863
34 6428 3179 4349 6720 2693 3391 1210 4795 7840 9182 8723 4559 1118 8245 5106 5291 7429 3801 539 6226 981 6302 8023 7832 9396 6401 727 8531 7465 2374 6541 3374 7868 1119
34 4830 1599 6671 8841 1969 73 2137 1794 2450 1149 8005 7993 4679 8147 4290 5768 7596 710 861 9668 2326 3602 7447 4513 4939 3523 4427 6548 4362 7228 9034 2248 3717 2779
36 7833 7382 7395 5213 4400 4455 9980 738 6985 9648 5784 5838 1193 4281 1163 8145 1650 5847 510 3807 2617 7199 4072 8519 705 9846 6896 4007 7954 897 7501 7857 1995 9576 2819 9476
33 3183 1942 8184 1531 1205 6407 2860 9836 1740 5726 4672 7468 5183 9368 8505 1723 8536 6486 6272 3220 4471 1224 1741 8692 3282 6834 7034 3309 2655 6926 3426 7289 7411
36 2734 3187 9360 8366 8400 5153 7351 5400 2840 185 7960 4457 6385 4178 5281 872 858 1321 2973 2464 6451 4059 1 6124 8367 9867 7624 7786 6700 9373 4744 520 5025 5785 9198 4850
35 7851 9498 1816 1835 7020 5251 1059 232 7299 3871 6550 9375 4047 5699 6997 778 403 7308 777 6741 4120 6100 8051 9077 8866 444 9005 2688 2861 1722 3739 1782 9657 5341 7074
34 9215 8854 8315 2604 5206 6445 3612 7147 5724 8754 1784 4387 9949 1671 5547 6191 5661 228 6367 7549 4986 7493 2193 299 2792 3880 2131 7098 2490 7646 2159 7389 50 3995
27 6423 3247 2086 3772 3476 9079 9773 8022 4465 5406 8238 8213 1889 2124 8963 1744 7953 4230 1511 8867 2043 1346 9534 279 9649 267 5140
34 9168 1893 4797 4034 5968 8966 8046 9880 1258 8123 9420 9720 9917 9575 5830 709 1418 7130 6147 5752 6166 3567 6180 1632 8158 3885 2259 4991 1476 4626 3087 1501 2529 3483
31 187 2378 5147 846 8297 1855 60 6746 6007 6919 1368 3770 8150 6609 9793 7838 8455 2500 143 5152 9757 131 8210 3376 2173 4868 5923 6605 8806 6047 6723
29 8424 6931 4769 2205 3177 208 6452 4478 3520 8377 8358 7767 1548 6386 3771 5132 1918 5590 6628 8155 6939 508 8662 3093 1569 9313 9146 4912 8716
31 175 6613 9826 8971 4650 7543 7723 132 3917 7347 134 7483 1555 2799 4489 4028 1908 3124 2416 4294 5048 3677 1973 1941 1246 1970 4211 1438 4709 4324 6241
34 4065 5524 4246 8657 7394 8745 6961 1124 3716 236 3079 9362 5189 392 7824 1867 6882 4658 6829 9185 9552 1457 1567 5989 812 9676 8997 5431 8612 6023 9541 8361 5992 2117
31 7653 4114 9213 5334 8797 1267 6995 5022 4809 6854 6328 7693 1083 7484 7122 7846 1642 7077 4855 234 4280 7365 7093 4399 5602 1649 8397 1008 7198 9496 6694
35 9872 3496 2332 5740 5938 7384 1448 2569 2770 1167 2722 8040 323 2647 9090 7990 2539 7919 3063 2730 2369 5646 4488 6621 9426 8461 5246 7632 9897 3342 1984 1528 7254 3725 3823
37 6340 8299 7760 8850 1410 9019 6973 779 1422 7408 7375 8673 1602 5822 3813 6856 1708 4906 5395 4100 9207 2204 6483 2185 5546 3895 4085 7003 4357 9614 2750 6297 707 139 3497 6089 6455
36 8946 5588 2996 6891 8125 5952 7358 5237 3009 289 3225 7239 106 2707 6344 9153 5384 6574 7928 2913 4425 2534 2615 2979 5076 3927 5958 5154 3056 3754 9316 1230 8580 5656 5544 2438
31 9058 3491 5703 8286 2365 4480 4834 8594 7974 8741 2601 6675 2028 2230 203 5791 9750 8925 5716 8490 5409 4509 7181 8119 2596 1757 1065 945 7293 1208 7204
32 7642 8383 5097 9747 6092 9129 5612 1016 8478 3299 5748 6236 9658 6715 4726 1557 2188 2577 1968 1358 4351 1382 8610 5447 8082 6417 3162 976 4987 6219 1987 8354
32 482 4447 7946 1924 6294 3735 571 9963 8831 9546 3439 9415 9056 3825 9821 9249 3360 8248 1879 1498 8362 7630 3650 6326 842 9017 2164 348 1273 3969 9298 1274
32 4768 7297 656 7922 1192 3455 8884 2167 7110 2794 5274 3215 8944 4168 3379 4127 6449 71 6137 6337 4851 984 5095 6521 1858 8333 536 9509 4086 3732 5858 5663
29 1179 5645 6879 6928 429 170 1220 6794 2024 9825 1222 5969 2303 5856 4958 9812 4988 1176 1147 5840 3942 9794 297 762 538 7710 6558 5321 6243
26 2993 1768 8080 9042 2051 215 8257 6286 2247 9339 4289 8988 972 7423 2935 7877 6836 1145 6321 449 2568 507 7292 5853 3999 6122
32 156 2091 9445 3551 5903 2963 3268 6382 4739 9258 6622 8154 9885 8993 5068 400 2547 7802 6813 7300 5265 7831 3978 6930 4310 7889 8587 3549 4725 8570 6514 8863
25 4236 2793 8399 1976 9621 5226 2168 343 6686 2961 1028 5023 7275 9158 125 9390 1876 4893 7733 303 3248 3690 4330 4491 1355
28 8644 3265 8654 5914 1100 2578 5416 9096 8911 5760 5700 4641 9771 5983 2522 4266 6176 1401 7075 7700 8764 4244 4191 7189 5103 1379 7571 6372
28 9106 3562 3704 3460 4392 8356 952 2253 5318 1888 9854 1307 452 9089 3631 1319 8538 3010 9359 1667 7124 8972 9596 4847 9985 3550 5267 6803
32 7828 3636 9787 3582 7625 8615 6547 1657 1219 6015 4062 8224 7082 4873 4952 3629 782 3175 9931 713 7265 2225 5924 2475 193 5884 2272 268 5977 5288 8705 658
30 558 474 436 4481 4068 1863 9384 7249 7866 1411 2689 995 1349 3986 3434 7370 1371 2790 1856 48 7018 8498 9119 4522 8847 9528 2271 4853 9807 7547
33 2995 4494 3025 2496 1956 702 817 7180 9975 6944 2937 8493 6824 2735 21 868 3314 6115 3502 339 877 2424 7893 815 7515 379 6009 7808 3419 9896 6875 4928 329
31 2822 3581 698 7496 7969 7295 7488 2608 365 8572 3604 6559 3648 9842 7062 9087 5480 2878 3778 6508 2171 6692 214 9810 8960 5287 5212 2941 4826 9783 6034
24 6570 5383 8870 961 82 4192 2435 4205 431 9260 5659 8325 4136 1097 6951 5015 6426 7238 2324 7932 4645 8495 4441 7874
32 3875 445 6227 159 7985 421 5423 3292 4394 4642 1998 1269 9883 4665 7766 2495 6129 32 4813 5504 8630 3961 7622 7803 6850 613 3125 3473 3638 6064 8656 1090
29 2098 523 6001 1021 5566 7367 4887 4048 3528 926 9240 5502 5119 5597 9412 38 3488 2818 3893 8864 1170 5800 6895 7307 5239 3193 2307 2639 1400
27 7205 7793 2890 6265 4239 850 489 2853 425 5523 4736 1688 1158 3490 7989 6114 4045 1662 3401 8223 4839 6861 5056 3432 490 8419 5630
29 586 8698 9031 3921 5129 9606 6283 4567 7944 4069 2591 6744 4432 5900 9254 3506 545 7958 345 2761 9177 8355 7126 274 8242 8200 2327 4162 2473
25 4796 2777 896 1890 4903 8093 9622 435 8211 1259 5584 2986 8989 2724 3759 3446 30 5695 9507 2708 5755 1781 9174 6759 4719
29 3236 5030 2512 3385 7516 8438 3954 5883 5177 1245 1895 4575 9733 789 886 7209 2408 6878 5664 3944 1452 9707 3616 86 1272 2447 8480 5498 8107
27 7320 2517 4754 810 2876 3295 9803 3783 8646 8235 3100 1610 4997 4691 5501 3121 1091 8814 1553 7088 1664 9292 6111 8401 4054 1950 646
